0.4365054965019226 0.4467719793319702 0.4432952404022217 0.44307777285575867
0.4616623520851135 0.4770050644874573 0.4981902241706848 0.5459019541740417
0.9324584007263184 0.9580546617507935 0.9580546617507935 0.5586284399032593
0.4524295926094055 0.4695081412792206 0.4695081412792206 0.6166964769363403
0.12896759808063507 0.081597238779068 0.081597238779068 0.06232991814613342
0.0580022931098938 0.06065785884857178 0.06065785884857178 0.0771733969449997
0.10089394450187683 0.10317777097225189 0.11884753406047821 0.15332868695259094
0.2575111389160156 0.2453998476266861 0.21842101216316223 0.15123894810676575
0.613899827003479 0.6535611748695374 0.7053356766700745 0.9028694033622742
0.4634552597999573 0.46354585886001587 0.457040935754776 0.45864033699035645
0.11865196377038956 0.11865196377038956 0.10170681774616241 0.06699386239051819
0.5526823401451111 0.5792980194091797 0.606138288974762 0.7092806100845337
0.6576577425003052 0.6981230974197388 0.7452517151832581 0.9145299792289734
0.41836413741111755 0.41836413741111755 0.45242756605148315 0.6001813411712646
0.5208826065063477 0.5334823131561279 0.5505834221839905 0.6075174808502197
0.3433300852775574 0.3522752523422241 0.3590278923511505 0.38896024227142334
0.6673877835273743 0.6673877835273743 0.7034099102020264 0.839364767074585
0.10663028061389923 0.1010366827249527 0.1010366827249527 0.05953444540500641
0.1227559745311737 0.14336828887462616 0.1560600996017456 0.39419347047805786
0.7179377675056458 0.7543779611587524 0.801609218120575 0.9377249479293823
0.8116450905799866 0.873356819152832 0.873356819152832 0.9390503764152527
0.5669198036193848 0.6067414879798889 0.6395610570907593 0.7852436900138855
0.7770612239837646 0.7770612239837646 0.09267913550138474 0.2536952495574951
0.2423953264951706 0.2109268307685852 0.2109268307685852 0.07989126443862915
0.06346594542264938 0.06184639036655426 0.06337996572256088 0.6501787304878235
0.8784008026123047 0.8784008026123047 0.8906660676002502 0.7651121020317078
0.13335208594799042 0.10631874203681946 0.07031425833702087 0.3317742943763733
0.04371502250432968 0.4501340985298157 0.4501340985298157 0.4640623927116394
0.3497879207134247 0.30636918544769287 0.27251482009887695 0.1424247771501541
0.8993704319000244 0.8993704319000244 0.9380922317504883 0.9249924421310425
0.4473329484462738 0.4163331985473633 0.4163331985473633 0.31652289628982544
0.5055884122848511 0.5187684297561646 0.5439401268959045 0.633160412311554
0.9287971258163452 0.9287971258163452 0.8896260261535645 0.7823848724365234
0.7323854565620422 0.7885844707489014 0.8555805683135986 0.07359262555837631
0.06239316612482071 0.06239316612482071 0.04139560088515282 0.8091328740119934
0.7202186584472656 0.7202186584472656 0.7693703770637512 0.5572052001953125
0.5604349374771118 0.587549090385437 0.6159515976905823 0.7375786304473877
0.6254892945289612 0.6552393436431885 0.7034239768981934 0.8785485029220581
0.4248175323009491 0.42805948853492737 0.44037729501724243 0.5380947589874268
0.4726181924343109 0.4716419279575348 0.4585372805595398 0.41925862431526184
0.2730678915977478 0.22673046588897705 0.15317049622535706 0.11150921881198883
0.4597049653530121 0.4622194170951843 0.4610231816768646 0.4671793580055237
0.3524366021156311 0.34123969078063965 0.34488025307655334 0.286277711391449
0.5839210152626038 0.6076319217681885 0.6613133549690247 0.9157322645187378
0.3253231644630432 0.30623897910118103 0.2972073554992676 0.17080827057361603
0.5606650710105896 0.5892572402954102 0.6036755442619324 0.8161361813545227
0.456124484539032 0.432720810174942 0.38919979333877563 0.22978702187538147
0.5596263408660889 0.5708224177360535 0.5790397524833679 0.6974725723266602
0.5359050035476685 0.5370966792106628 0.5434257388114929 0.5572664737701416
0.6997460126876831 0.7073996663093567 0.7203077673912048 0.8828270435333252
0.44297072291374207 0.4374869763851166 0.432445228099823 0.4000650644302368
0.6702433824539185 0.7008094787597656 0.7707817554473877 0.921267569065094
0.5180534720420837 0.5390427112579346 0.563865602016449 0.682033121585846
0.43405455350875854 0.44662171602249146 0.471673846244812 0.5745353102684021
0.18575890362262726 0.09118986874818802 0.06173781305551529 0.07739448547363281
0.5493950247764587 0.5804382562637329 0.6171126365661621 0.7676311731338501
0.5938140153884888 0.6116134524345398 0.6763758063316345 0.8054258823394775
0.325031578540802 0.31125444173812866 0.25881195068359375 0.19456224143505096
0.5816164612770081 0.602506697177887 0.7105259299278259 0.8622814416885376
0.47490811347961426 0.49394816160202026 0.5050884485244751 0.5578604340553284
0.5292407274246216 0.5404837131500244 0.5469345450401306 0.5806349515914917
0.28019487857818604 0.23649317026138306 0.2053646296262741 0.1130252331495285
0.45716968178749084 0.4570455551147461 0.4487107992172241 0.4267398416996002
0.7026301026344299 0.7205889225006104 0.7753835916519165 0.8574893474578857
0.3761487603187561 0.35614389181137085 0.3404107987880707 0.2898295819759369
0.25941699743270874 0.23683854937553406 0.2169427126646042 0.16432560980319977
0.36561936140060425 0.35602205991744995 0.33752185106277466 0.30926188826560974
0.3489314317703247 0.35371026396751404 0.3707529902458191 0.42408525943756104
0.5551865100860596 0.5685790181159973 0.5894386172294617 0.698188841342926
0.47627246379852295 0.4682033956050873 0.4582138657569885 0.4376184344291687
0.5260842442512512 0.533515214920044 0.5554065704345703 0.6170467138290405
0.42849716544151306 0.39801955223083496 0.38461750745773315 0.32493725419044495
0.4582620859146118 0.45379772782325745 0.4491209387779236 0.44505777955055237
0.4471755623817444 0.43852534890174866 0.43414217233657837 0.4122338593006134
0.5709308981895447 0.5980409979820251 0.6309200525283813 0.7798658013343811
0.4115692973136902 0.4183816909790039 0.427496075630188 0.47527945041656494
0.43156975507736206 0.42422008514404297 0.39226117730140686 0.35593774914741516
0.5156052112579346 0.50281822681427 0.4896637499332428 0.4514772891998291
0.3489949405193329 0.33589282631874084 0.2975635230541229 0.2438114881515503
0.713753342628479 0.7457149624824524 0.8387702107429504 0.9373178482055664
0.5827221870422363 0.6290768980979919 0.6655359864234924 0.8077520132064819
0.32004186511039734 0.3024640381336212 0.27897709608078003 0.16051511466503143
0.5508459210395813 0.5571061372756958 0.559934675693512 0.564910352230072
0.737935483455658 0.768334686756134 0.8111074566841125 0.9533583521842957
0.38060349225997925 0.3429206609725952 0.3211310803890228 0.26544949412345886
0.37551096081733704 0.30688396096229553 0.22115376591682434 0.06822587549686432
0.5963867902755737 0.611862063407898 0.6596393585205078 0.8137743473052979
0.6357194185256958 0.662873387336731 0.6957987546920776 0.8132087588310242
0.4308357238769531 0.3871172368526459 0.3185901343822479 0.19612546265125275
0.3051454424858093 0.28328588604927063 0.2595740854740143 0.11285701394081116
0.3770263195037842 0.3546568751335144 0.3247000277042389 0.20478472113609314
0.4938884973526001 0.5016514658927917 0.5149359703063965 0.5586510300636292
0.2588009834289551 0.23842325806617737 0.16691449284553528 0.06911584734916687
0.6441805958747864 0.6731016635894775 0.7517001628875732 0.9009503722190857
0.5304718613624573 0.5746751427650452 0.6032631993293762 0.7210281491279602
0.523464560508728 0.535894513130188 0.5596254467964172 0.6487113833427429
0.4418066442012787 0.43228042125701904 0.4304198622703552 0.4517506957054138
0.35734978318214417 0.28631800413131714 0.2478804737329483 0.10353156924247742
0.494875967502594 0.48881569504737854 0.4747817814350128 0.4031554162502289
0.626104474067688 0.6556985378265381 0.7406166195869446 0.9130252003669739
0.46258652210235596 0.4215056300163269 0.3584807813167572 0.2994038164615631
0.6889461874961853 0.7477166056632996 0.7784373760223389 0.9178510904312134
0.525153398513794 0.5391383767127991 0.5474005937576294 0.5977848768234253
0.4087429940700531 0.3556879460811615 0.28850987553596497 0.15411591529846191
0.6475247740745544 0.6620572209358215 0.7022382020950317 0.7586476802825928
0.5410444736480713 0.5494195818901062 0.5709006786346436 0.6428704261779785
0.5573093295097351 0.5500933527946472 0.5393168330192566 0.5036088228225708
0.6261321902275085 0.6300241947174072 0.6481900811195374 0.6567096710205078
0.4327159523963928 0.43809670209884644 0.4636414647102356 0.5273968577384949
0.3745648264884949 0.3277502954006195 0.23560859262943268 0.06289371848106384
0.593062698841095 0.5933510661125183 0.6043310165405273 0.6957899928092957
0.6022428870201111 0.6049050688743591 0.6082017421722412 0.6523686647415161
0.513323962688446 0.5088731050491333 0.5071932077407837 0.5124117136001587
0.4711519479751587 0.4813666343688965 0.4893955588340759 0.5394266843795776
0.26650354266166687 0.22799712419509888 0.19285723567008972 0.1055469959974289
0.4028904438018799 0.36752963066101074 0.2120201140642166 0.06611702591180801
0.33274176716804504 0.2849477529525757 0.16948416829109192 0.046088073402643204
0.26424720883369446 0.23023703694343567 0.14773394167423248 0.06595233827829361
0.5458685755729675 0.5751357078552246 0.6681445240974426 0.8423714637756348
0.5267228484153748 0.5189580321311951 0.5025591254234314 0.5023333430290222
0.5877410173416138 0.5711937546730042 0.5618101358413696 0.5112304091453552
0.6328326463699341 0.6450406312942505 0.6594175696372986 0.7472914457321167
0.5530316233634949 0.5300036072731018 0.5071569085121155 0.43756788969039917
0.47884416580200195 0.4210077226161957 0.39908352494239807 0.28543782234191895
0.7386205792427063 0.7707117795944214 0.8465644121170044 0.9152629375457764
0.4782108962535858 0.4452812075614929 0.42414212226867676 0.3586633503437042
0.5496035814285278 0.5576132535934448 0.5680443048477173 0.6275252103805542
0.45760589838027954 0.4210163950920105 0.36906298995018005 0.2961495518684387
0.48242056369781494 0.49120065569877625 0.49610868096351624 0.501118004322052
0.6026921272277832 0.6124482750892639 0.6284816861152649 0.7131109237670898
0.5390878319740295 0.526360034942627 0.5130329132080078 0.45641249418258667
0.43006449937820435 0.4022238850593567 0.3227079212665558 0.238869771361351
0.42035961151123047 0.3388460576534271 0.2587485909461975 0.0940190851688385
0.5021535754203796 0.4850383400917053 0.45406049489974976 0.4022770822048187
0.6109399199485779 0.6365829706192017 0.6667136549949646 0.8996273875236511
0.6567566990852356 0.6769932508468628 0.7024328112602234 0.8224245309829712
0.400184690952301 0.3624347746372223 0.3244818150997162 0.19669455289840698
0.6262323260307312 0.6575811505317688 0.6773926019668579 0.7521222233772278
0.6159920692443848 0.6360970139503479 0.66973876953125 0.7572032809257507
0.4716014862060547 0.43402305245399475 0.40541940927505493 0.3560003340244293
0.6501324772834778 0.6995142698287964 0.7263172268867493 0.8656014204025269
0.3702678084373474 0.3318876624107361 0.3000936508178711 0.16424134373664856
0.4126344621181488 0.4037969708442688 0.39502930641174316 0.3818281292915344
0.5510221719741821 0.5568259358406067 0.5628380179405212 0.5751762390136719
0.6320908069610596 0.6619423031806946 0.6950947642326355 0.855026125907898
0.5406063795089722 0.5263562798500061 0.48560500144958496 0.4405880570411682
0.6510258913040161 0.6729254126548767 0.6923298239707947 0.7975017428398132
0.6822680234909058 0.7054446935653687 0.7298630475997925 0.8420279622077942
0.7203232049942017 0.7447247505187988 0.7695802450180054 0.8883870840072632
0.5014030337333679 0.47271791100502014 0.41443565487861633 0.31737247109413147
0.5734845399856567 0.5850687623023987 0.6318718791007996 0.7056059837341309
0.7083069682121277 0.7320425510406494 0.8228861689567566 0.9203120470046997
0.5158929228782654 0.46647512912750244 0.44242554903030396 0.31803953647613525
0.6082547307014465 0.6337393522262573 0.7042628526687622 0.8689492344856262
0.40650632977485657 0.3105889856815338 0.27744051814079285 0.12174499034881592
0.3730555474758148 0.3540417551994324 0.3085797131061554 0.2719486653804779
0.461137592792511 0.45994630455970764 0.471740186214447 0.5092193484306335
0.42730748653411865 0.40842804312705994 0.3766697943210602 0.33191734552383423
0.46232232451438904 0.45013177394866943 0.4367764890193939 0.37528908252716064
0.5554122924804688 0.5543257594108582 0.5556374192237854 0.5751917958259583
0.5147435069084167 0.5052913427352905 0.506120502948761 0.5327421426773071
0.6159766912460327 0.6277785301208496 0.6481375098228455 0.6940033435821533
0.6117250919342041 0.6455763578414917 0.6628710627555847 0.7947952747344971
0.6227893233299255 0.638006329536438 0.6930606961250305 0.7558470964431763
0.6009247303009033 0.6010087728500366 0.6057558059692383 0.6452170014381409
0.5849587321281433 0.5839975476264954 0.5946469902992249 0.6530115604400635
0.5097208619117737 0.4725813865661621 0.44003593921661377 0.2966445982456207
0.5863639712333679 0.5973196029663086 0.6133770942687988 0.6704841256141663
0.7035242915153503 0.7401565313339233 0.795119047164917 0.9179583191871643
0.5089629292488098 0.4537278413772583 0.3936937749385834 0.27008193731307983
0.6031792759895325 0.6257637739181519 0.70015549659729 0.7951940298080444
0.5663428902626038 0.5805289149284363 0.5935875177383423 0.6712064743041992
0.4778341054916382 0.4522225260734558 0.3578280806541443 0.2762507498264313
0.4757024645805359 0.4716101884841919 0.4717932939529419 0.45548635721206665
0.6466313600540161 0.6970720887184143 0.773065984249115 0.9294799566268921
0.3676564693450928 0.30620408058166504 0.2632412910461426 0.12179911881685257
0.3006931245326996 0.2608541250228882 0.17484799027442932 0.06960752606391907
0.45813581347465515 0.4562813341617584 0.4568641483783722 0.4373750686645508
0.550108015537262 0.5539132356643677 0.5723832845687866 0.6109664440155029
0.5860788822174072 0.6156274676322937 0.6459646821022034 0.7736364006996155
0.33614152669906616 0.30632078647613525 0.2942628860473633 0.2994156777858734
0.5868459939956665 0.5949488282203674 0.620164692401886 0.694545328617096
0.4564439654350281 0.4414088726043701 0.37618711590766907 0.20356807112693787
0.4641243517398834 0.4439747929573059 0.4108121395111084 0.3400690257549286
0.5843693017959595 0.5771809220314026 0.5813711881637573 0.6067484021186829
0.4994279444217682 0.5129866003990173 0.5364309549331665 0.6224913597106934
0.33650150895118713 0.3347792327404022 0.3388350307941437 0.34853747487068176
0.2839738130569458 0.25817734003067017 0.21737757325172424 0.1817009598016739
0.43234893679618835 0.4154849648475647 0.3894772529602051 0.34016290307044983
0.5509766340255737 0.5595322847366333 0.5634589195251465 0.5934958457946777
0.47977226972579956 0.46660760045051575 0.44546258449554443 0.3932507634162903
0.538723886013031 0.5493870973587036 0.5584517121315002 0.6089504361152649
0.6028017997741699 0.6367184519767761 0.6603903770446777 0.7824329137802124
0.5856518745422363 0.6288201212882996 0.653412938117981 0.7819128036499023
0.5077986121177673 0.5030477643013 0.493541955947876 0.45376479625701904
0.5560263991355896 0.5718122720718384 0.5857216715812683 0.6647717952728271
0.41066572070121765 0.40834343433380127 0.4045950770378113 0.37085360288619995
0.47395059466362 0.4766174554824829 0.48303425312042236 0.4982380270957947
0.47146230936050415 0.47336727380752563 0.48289600014686584 0.50242680311203
0.439125657081604 0.4611547589302063 0.5051053762435913 0.599087655544281
0.4004206359386444 0.3947501480579376 0.4024380147457123 0.4186415672302246
0.6052811145782471 0.6169807314872742 0.6354368329048157 0.704950213432312
0.3995523154735565 0.3807432949542999 0.3398187458515167 0.2582000494003296
0.6475524306297302 0.6642009019851685 0.6830589175224304 0.8190996646881104
0.5793588161468506 0.6029004454612732 0.6571529507637024 0.9440456628799438
0.4865913987159729 0.4747810661792755 0.473904013633728 0.4459211826324463
0.36081281304359436 0.2847743332386017 0.2484445720911026 0.097446575760841370.557745635509491 0.5553612112998962 0.5510085821151733 0.5499199628829956
0.10504481941461563 0.09998629987239838 0.10355287045240402 0.10548576712608337
0.14628660678863525 0.2794536352157593 0.3613472580909729 0.4477950930595398
0.4921117126941681 0.4921117126941681 0.47561559081077576 0.4541413187980652
0.6780009865760803 0.7028070688247681 0.7028070688247681 0.7450808882713318
0.5255110263824463 0.5299747586250305 0.5282689929008484 0.5279610753059387
0.6034043431282043 0.6072375178337097 0.5990563631057739 0.5835592150688171
0.5617335438728333 0.5617335438728333 0.5657692551612854 0.5821973085403442
0.9059159159660339 0.9198803901672363 0.9339730739593506 0.9532896280288696
0.4653257727622986 0.4554632306098938 0.441982626914978 0.4340960681438446
0.4390796422958374 0.4247872829437256 0.4247872829437256 0.40082088112831116
0.48499301075935364 0.4832693636417389 0.48884546756744385 0.4955979585647583
0.4876440167427063 0.4981900751590729 0.4981900751590729 0.5110563635826111
0.06825202703475952 0.4754846692085266 0.4684200882911682 0.46706676483154297
0.37560978531837463 0.3613538146018982 0.33681270480155945 0.3225780129432678
0.3219827115535736 0.3202279806137085 0.32505813241004944 0.3712884783744812
0.4688628315925598 0.47229039669036865 0.47229039669036865 0.4835904538631439
0.6833908557891846 0.7111445069313049 0.7418332099914551 0.7583972811698914
0.5594349503517151 0.5570976734161377 0.5570976734161377 0.5615783929824829
0.92365562915802 0.9317649602890015 0.9303404092788696 0.9168871641159058
0.48010849952697754 0.48010849952697754 0.4922827482223511 0.5206031799316406
0.5362825989723206 0.5362825989723206 0.5513046979904175 0.5786661505699158
0.7081882953643799 0.7081882953643799 0.7481516003608704 0.8218576908111572
0.3638682961463928 0.27930504083633423 0.251030296087265 0.23034027218818665
0.6521602272987366 0.29386523365974426 0.2858945429325104 0.27754610776901245
0.27547377347946167 0.27471262216567993 0.2738308906555176 0.27753299474716187
0.28410804271698 0.2851226031780243 0.2913197875022888 0.2971069812774658
0.2795325219631195 0.2800794243812561 0.28991127014160156 0.29494205117225647
0.29329442977905273 0.2832181751728058 0.2861954867839813 0.2863825857639313
0.3692139685153961 0.2761324346065521 0.2514069676399231 0.16883523762226105
0.1854652464389801 0.19148369133472443 0.19654539227485657 0.2025207281112671
0.03926341235637665 0.04525991529226303 0.06493394076824188 0.6414003968238831
0.36700716614723206 0.3677990138530731 0.3720411956310272 0.37298840284347534
0.18491429090499878 0.20149371027946472 0.20868510007858276 0.21872574090957642
0.07408145070075989 0.06404692679643631 0.048438794910907745 0.0723172053694725
0.9059962630271912 0.8807479739189148 0.8781958818435669 0.8689380288124084
0.8285898566246033 0.8148881196975708 0.8074542284011841 0.809553325176239
0.7381415367126465 0.7303044199943542 0.7309631109237671 0.7277595400810242
0.7151997685432434 0.7162561416625977 0.7160919308662415 0.7185767889022827
0.6690192818641663 0.6575034856796265 0.7091963887214661 0.5042168498039246
0.5268797874450684 0.5631669759750366 0.5846819281578064 0.48911184072494507
0.42434459924697876 0.4291559159755707 0.42636364698410034 0.43237048387527466
0.23538412153720856 0.17496907711029053 0.14609257876873016 0.1436278074979782
0.17555706202983856 0.1654895693063736 0.12018676102161407 0.08176900446414948
0.050738584250211716 0.05229555070400238 0.05310462415218353 0.06331925094127655
0.0524650439620018 0.04196914657950401 0.03861702233552933 0.1463930755853653
0.7173256278038025 0.563237726688385 0.7775829434394836 0.902835488319397
0.9329922199249268 0.9214733839035034 0.9060308337211609 0.9020840525627136
0.7569030523300171 0.7254429459571838 0.6599040627479553 0.6207118034362793
0.3318024277687073 0.3291189968585968 0.33127081394195557 0.33405524492263794
0.3121885657310486 0.2952800393104553 0.27175870537757874 0.26386624574661255
0.3803478479385376 0.3911952078342438 0.3894535303115845 0.39177387952804565
0.4021528363227844 0.40802302956581116 0.4136926233768463 0.414943665266037
0.3830034136772156 0.3750782012939453 0.3784164488315582 0.3298197090625763
0.13108298182487488 0.0985550582408905 0.0917201042175293 0.07477753609418869
0.07649409770965576 0.08324863016605377 0.09351377189159393 0.09315918385982513
0.304747998714447 0.38631200790405273 0.44913163781166077 0.5367138385772705
0.5697922706604004 0.567444920539856 0.5700474381446838 0.5729285478591919
0.5733577609062195 0.5739677548408508 0.5738799571990967 0.5793443322181702
0.8093657493591309 0.7368020415306091 0.7013421654701233 0.6380240321159363
0.7109763026237488 0.7432531714439392 0.7661228775978088 0.9044912457466125
0.8357864618301392 0.8277342915534973 0.8106165528297424 0.7729994654655457
0.8304980993270874 0.8352661728858948 0.8163822889328003 0.8084440231323242
0.7900984287261963 0.7839979529380798 0.7793774604797363 0.7713440656661987
0.7756160497665405 0.7758681178092957 0.7717223167419434 0.7660509347915649
0.7267411351203918 0.7114728093147278 0.5384625792503357 0.2639532685279846
0.6858344674110413 0.1934891939163208 0.6827178001403809 0.6815904974937439
0.7418253421783447 0.7399874329566956 0.7382619380950928 0.5591393113136292
0.5304958820343018 0.5315307378768921 0.5283201336860657 0.5274971723556519
0.37280648946762085 0.291400283575058 0.2611323297023773 0.22253163158893585
0.2296573668718338 0.22807106375694275 0.22854910790920258 0.22619475424289703
0.5428885817527771 0.5306810140609741 0.5227953791618347 0.5194302797317505
0.5864747166633606 0.5924228429794312 0.6675330996513367 0.8068860173225403
0.8729732036590576 0.8762438297271729 0.8777371644973755 0.8818894624710083
0.7345976233482361 0.6926681399345398 0.6666197776794434 0.6658278107643127
0.7548584342002869 0.7662811279296875 0.7693317532539368 0.777661144733429
0.684240996837616 0.6647090315818787 0.6583247780799866 0.6366291642189026
0.22397664189338684 0.3214857876300812 0.323628693819046 0.33280953764915466
0.32509133219718933 0.32111111283302307 0.31907063722610474 0.3249577283859253
0.33402496576309204 0.32721394300460815 0.327065110206604 0.3367810547351837
0.36213159561157227 0.37863197922706604 0.37866705656051636 0.3804778456687927
0.35601532459259033 0.35666146874427795 0.3585982620716095 0.43108078837394714
0.4539218544960022 0.6203081607818604 0.800930380821228 0.8353488445281982
0.8240978121757507 0.8178995847702026 0.8163182735443115 0.8149130344390869
0.14877493679523468 0.11200492084026337 0.10825508832931519 0.11710850894451141
0.18436238169670105 0.23237159848213196 0.48666638135910034 0.5820796489715576
0.48631834983825684 0.4374922513961792 0.25254181027412415 0.18628259003162384
0.6424742937088013 0.6350769400596619 0.6399938464164734 0.6367188096046448
0.6347330212593079 0.6312623620033264 0.6355044841766357 0.6311782598495483
0.12617428600788116 0.11137092113494873 0.12840227782726288 0.12430289387702942
0.15752549469470978 0.15641900897026062 0.16002874076366425 0.15757180750370026
0.5380778312683105 0.5416548848152161 0.5409029126167297 0.5342074036598206
0.42185360193252563 0.43107643723487854 0.4465373754501343 0.4204840362071991
0.07452286779880524 0.15830111503601074 0.21160142123699188 0.32022687792778015
0.33334892988204956 0.3397837281227112 0.3467450439929962 0.34562695026397705
0.6858575940132141 0.6866753101348877 0.6820799708366394 0.6646583676338196
0.6296747922897339 0.6222252249717712 0.6120145916938782 0.2712348997592926
0.5879473090171814 0.5852084159851074 0.5859025716781616 0.5857315063476562
0.5717958807945251 0.5674761533737183 0.5655219554901123 0.6246203184127808
0.31625521183013916 0.37950634956359863 0.4578271508216858 0.5076263546943665
0.5461724996566772 0.5438945293426514 0.5300631523132324 0.5054438710212708
0.6995135545730591 0.7187968492507935 0.7641648650169373 0.8573663234710693
0.28866860270500183 0.28473159670829773 0.2827945053577423 0.281488299369812
0.5159507393836975 0.5222861766815186 0.5433024764060974 0.582828164100647
0.1596071422100067 0.12817835807800293 0.09147407114505768 0.056287236511707306
0.5248826146125793 0.533858060836792 0.5555907487869263 0.6000033617019653
0.548893928527832 0.5756060481071472 0.6032599806785583 0.6496445536613464
0.62061607837677 0.6592642664909363 0.7071919441223145 0.7877184152603149
0.44275617599487305 0.4524350166320801 0.46709883213043213 0.5033623576164246
0.5554807782173157 0.5815704464912415 0.620853841304779 0.6899638175964355
0.6328433156013489 0.6527357697486877 0.6963953375816345 0.7711353898048401
0.12181740254163742 0.10520957410335541 0.07316052168607712 0.043025437742471695
0.5760900974273682 0.6158738732337952 0.6296413540840149 0.708334743976593
0.3327502906322479 0.3213250935077667 0.3068656623363495 0.2810872495174408
0.45761293172836304 0.31820258498191833 0.6385754942893982 0.6298646926879883
0.5563938617706299 0.5659156441688538 0.5894253253936768 0.6397558450698853
0.11451582610607147 0.09738878905773163 0.08944845199584961 0.09001472592353821
0.06808067858219147 0.06973148882389069 0.06815409660339355 0.06813082844018936
0.3210940659046173 0.32406294345855713 0.325553297996521 0.3303871154785156
0.3316609561443329 0.3398377001285553 0.33391183614730835 0.33361920714378357
0.3647382855415344 0.36569109559059143 0.3728526532649994 0.37886789441108704
0.34008798003196716 0.3543577492237091 0.36439499258995056 0.33607470989227295
0.45186638832092285 0.45399683713912964 0.45535558462142944 0.45918071269989014
0.7066646814346313 0.7474614381790161 0.7681881189346313 0.8688700795173645
0.5361473560333252 0.542553186416626 0.5598713755607605 0.5957569479942322
0.606399655342102 0.6221771240234375 0.6261740326881409 0.6605176329612732
0.3874610960483551 0.3956237733364105 0.40609657764434814 0.41903963685035706
0.6015052199363708 0.643918514251709 0.6506711840629578 0.6956097483634949
0.5853053331375122 0.6071640849113464 0.6244657039642334 0.6770300269126892
0.5202016830444336 0.5300435423851013 0.5336011052131653 0.5688750147819519
0.4892203211784363 0.4914458394050598 0.4894307851791382 0.4892024099826813
0.5200479030609131 0.531173586845398 0.5367238521575928 0.5394129753112793
0.774091899394989 0.7669034004211426 0.7471852898597717 0.7123056054115295
0.7020029425621033 0.7026746869087219 0.7046433091163635 0.7078657746315002
0.7221481204032898 0.7231377363204956 0.7204676866531372 0.7271302938461304
0.7207531332969666 0.729559063911438 0.7304415702819824 0.7280837893486023
0.7327784299850464 0.729299008846283 0.731740415096283 0.73283851146698
0.7244661450386047 0.7264724969863892 0.7213411927223206 0.724117636680603
0.7157418727874756 0.726341724395752 0.7252449989318848 0.720475435256958
0.7163610458374023 0.7170342206954956 0.7164206504821777 0.7188025116920471
0.24083931744098663 0.24083931744098663 0.09361694753170013 0.24129927158355713
0.11670109629631042 0.11670109629631042 0.11833193898200989 0.11967560648918152
0.11286656558513641 0.1086903065443039 0.11830182373523712 0.14263013005256653
0.15308596193790436 0.15130862593650818 0.1472465693950653 0.14881865680217743
0.1515474021434784 0.14991997182369232 0.15313929319381714 0.15007947385311127
0.1524738371372223 0.14949016273021698 0.15035730600357056 0.1528163105249405
0.911062479019165 0.9121320843696594 0.9116487503051758 0.9211534261703491
0.9294134378433228 0.9312812685966492 0.9297270178794861 0.9388538599014282
0.937105119228363 0.9268260598182678 0.936471164226532 0.9269267916679382
0.9124118089675903 0.9069775342941284 0.9065013527870178 0.9084939956665039
0.907722532749176 0.9100733399391174 0.9119196534156799 0.9039933681488037
0.9086174368858337 0.9111139178276062 0.903925359249115 0.9024289846420288
0.9027718305587769 0.9046529531478882 0.9032233953475952 0.9003815054893494
0.8976264595985413 0.9032095074653625 0.8975967168807983 0.9020070433616638
0.9012234210968018 0.8996276259422302 0.8980938196182251 0.8989770412445068
0.8990263342857361 0.8977386951446533 0.8984641432762146 0.8971499800682068
0.901807427406311 0.900348961353302 0.8985974192619324 0.8975510001182556
0.9017373919487 0.8964014053344727 0.89898681640625 0.9022994637489319
0.38056841492652893 0.3714209198951721 0.37110498547554016 0.36556774377822876
0.4854632019996643 0.49976474046707153 0.5076209306716919 0.5113539099693298
0.6755744814872742 0.6763619780540466 0.6817083954811096 0.7064395546913147
0.21246123313903809 0.22243009507656097 0.21561093628406525 0.2358514964580536
0.2702454924583435 0.26197516918182373 0.27138781547546387 0.27035731077194214
0.6268833875656128 0.6732945442199707 0.7113481163978577 0.7173535823822021
0.7355595827102661 0.7354826331138611 0.7336845397949219 0.7409951686859131
0.19847193360328674 0.20221039652824402 0.1983632743358612 0.20138879120349884
0.1881415843963623 0.18199694156646729 0.1843911111354828 0.18728244304656982
0.7454708814620972 0.7367634773254395 0.7269941568374634 0.6936366558074951
0.6990469694137573 0.7026514410972595 0.7007749080657959 0.7026481628417969
0.7795850038528442 0.7758459448814392 0.7567500472068787 0.7595694065093994
0.7097036242485046 0.7226468920707703 0.7301849126815796 0.7354735136032104
0.7603856325149536 0.7623669505119324 0.7613338232040405 0.7705089449882507
0.7728798389434814 0.7771745920181274 0.7765441536903381 0.7784216403961182
0.7908249497413635 0.7879167199134827 0.7920704483985901 0.7881841659545898
0.45700138807296753 0.4566127061843872 0.4590303301811218 0.4639628529548645
0.46292608976364136 0.4650435149669647 0.4629269242286682 0.4591076970100403
0.28302913904190063 0.20772024989128113 0.1690356731414795 0.1288551688194275
0.11548285186290741 0.1124495193362236 0.11370202898979187 0.11185246706008911
0.11598984897136688 0.11508020758628845 0.11697021126747131 0.12031885981559753
0.5444613695144653 0.5585620403289795 0.5906676054000854 0.6053471565246582
0.6266028881072998 0.6263019442558289 0.6253235340118408 0.6269611716270447
0.6265601515769958 0.6234698295593262 0.6280503869056702 0.6438220739364624
0.8251438140869141 0.7047833800315857 0.6586242914199829 0.5490689873695374
0.45215100049972534 0.453181654214859 0.453181654214859 0.45694899559020996
0.12363442033529282 0.12517869472503662 0.1320142149925232 0.13410185277462006
0.1561211496591568 0.16075201332569122 0.16075201332569122 0.1636592000722885
0.6059415340423584 0.6099808812141418 0.6027392745018005 0.6059072017669678
0.6160120368003845 0.6214897632598877 0.6214897632598877 0.6133023500442505
0.3036336302757263 0.30036184191703796 0.30350714921951294 0.3059733510017395
0.1985447257757187 0.203587144613266 0.20894281566143036 0.2101348340511322
0.4596462845802307 0.5820715427398682 0.6417933106422424 0.6697158813476562
0.6929212212562561 0.692539393901825 0.6903994679450989 0.6855294704437256
0.15031245350837708 0.15031245350837708 0.15597595274448395 0.17115908861160278
0.21069785952568054 0.20682035386562347 0.20682035386562347 0.21555697917938232
0.5797404050827026 0.5759984254837036 0.5749783515930176 0.5675461292266846
0.5542818307876587 0.5536856651306152 0.5553122162818909 0.5536298751831055
0.43754908442497253 0.4384828209877014 0.44672584533691406 0.465395450592041
0.3186161518096924 0.3169136941432953 0.317588746547699 0.33141112327575684
0.3647004961967468 0.3748719394207001 0.3864593505859375 0.40775907039642334
0.485923171043396 0.4897814393043518 0.5020681023597717 0.5204363465309143
0.46015897393226624 0.4606691598892212 0.4584740698337555 0.47033268213272095
0.8804658651351929 0.9336645603179932 0.9295443296432495 0.9437586665153503
0.8113815784454346 0.7258529663085938 0.6051186323165894 0.4116683006286621
0.3739832639694214 0.3744024336338043 0.3728153705596924 0.37310218811035156
0.15326493978500366 0.3084408938884735 0.41023263335227966 0.48440369963645935
0.5519216060638428 0.5519216060638428 0.5497933626174927 0.5476534366607666
0.7261046767234802 0.7363320589065552 0.7375802397727966 0.7776025533676147
0.8753060698509216 0.8740612268447876 0.8765031099319458 0.8715601563453674
0.8517910242080688 0.8507272005081177 0.8536349534988403 0.8498086929321289
0.8383200764656067 0.8386310338973999 0.8361645340919495 0.8250048160552979
0.7995442152023315 0.8079251050949097 0.79267418384552 0.7976664900779724
0.6205979585647583 0.6386405825614929 0.6270296573638916 0.6260737776756287
0.5928732752799988 0.5895010828971863 0.5940877795219421 0.6149776577949524
0.5480574369430542 0.5390193462371826 0.5365041494369507 0.5432358384132385
0.31152647733688354 0.31440624594688416 0.3274296224117279 0.329115092754364
0.2655366063117981 0.2661593556404114 0.2796250581741333 0.2911064326763153
0.06627102196216583 0.10126093775033951 0.1792764514684677 0.3670559227466583
0.5871718525886536 0.582075834274292 0.5715148448944092 0.5746537446975708
0.5564982295036316 0.5558518171310425 0.5555886626243591 0.5603528618812561
0.9268680810928345 0.92545485496521 0.9261530637741089 0.9219662547111511
0.9337505102157593 0.9295985102653503 0.9214601516723633 0.849071204662323
0.502840518951416 0.5032593607902527 0.5042980909347534 0.5036296248435974
0.4944131374359131 0.4947130084037781 0.48889392614364624 0.4846678674221039
0.18424519896507263 0.18322482705116272 0.19010736048221588 0.1909218430519104
0.19813306629657745 0.19813306629657745 0.19762031733989716 0.19252318143844604
0.6204246282577515 0.6101565361022949 0.6022180914878845 0.5977163314819336
0.5797550678253174 0.5732227563858032 0.5693879723548889 0.5748218297958374
0.9107838273048401 0.9007512927055359 0.8866335153579712 0.884779691696167
0.8961763381958008 0.8882084488868713 0.8907012939453125 0.8739452362060547
0.15381073951721191 0.1541612148284912 0.14976873993873596 0.15504488348960876
0.15120016038417816 0.1520380675792694 0.15083883702754974 0.15126699209213257
0.5863090753555298 0.5864149332046509 0.5878636837005615 0.5833940505981445
0.5844103097915649 0.5773605108261108 0.5782725214958191 0.58875572681427
0.9356087446212769 0.935004711151123 0.9344007968902588 0.9338059425354004
0.8880439400672913 0.8877807259559631 0.886792778968811 0.875171959400177
0.36856159567832947 0.3859412372112274 0.3859412372112274 0.432075560092926
0.5468512773513794 0.5404689908027649 0.5397785305976868 0.5354181528091431
0.16225862503051758 0.16562139987945557 0.16554081439971924 0.16107642650604248
0.17118623852729797 0.17225809395313263 0.16964273154735565 0.16867254674434662
0.5530619025230408 0.5525230169296265 0.5515351295471191 0.5539335608482361
0.5431643128395081 0.5414009690284729 0.5439825654029846 0.5456831455230713
0.8884531259536743 0.8824799060821533 0.8808242678642273 0.8844189643859863
0.8669110536575317 0.8728252649307251 0.8693623542785645 0.8688536882400513
0.37920376658439636 0.36815929412841797 0.3660231828689575 0.3642173707485199
0.3703240156173706 0.3791017532348633 0.36942270398139954 0.36674901843070984
0.07635283470153809 0.11365239322185516 0.15105196833610535 0.18993830680847168
0.7965699434280396 0.7990411520004272 0.7842344641685486 0.7807342410087585
0.7477514743804932 0.7517248392105103 0.7469749450683594 0.7160067558288574
0.433658242225647 0.43994009494781494 0.45804163813591003 0.46128806471824646
0.45123398303985596 0.45591405034065247 0.4546903967857361 0.4501737952232361
0.16147850453853607 0.15607783198356628 0.15305162966251373 0.15635959804058075
0.16185322403907776 0.1645263135433197 0.1645263135433197 0.1668541580438614
0.6519322395324707 0.6499913930892944 0.6519331932067871 0.6442658305168152
0.5711828470230103 0.578433096408844 0.5859568119049072 0.5934546589851379
0.6725350022315979 0.5511491894721985 0.4965709447860718 0.40871086716651917
0.10147339105606079 0.11371736228466034 0.12464271485805511 0.1190742701292038
0.12023238092660904 0.12434445321559906 0.12283280491828918 0.11770801246166229
0.6530030965805054 0.6693789958953857 0.6713327169418335 0.7032156586647034
0.2548665702342987 0.25366315245628357 0.2528038024902344 0.24571409821510315
0.2496630847454071 0.24776111543178558 0.24519610404968262 0.2492142915725708
0.11112838238477707 0.11112838238477707 0.1199183315038681 0.1360779106616974
0.22515803575515747 0.22515803575515747 0.25598692893981934 0.39187270402908325
0.8688728213310242 0.8692853450775146 0.8646456003189087 0.8723101615905762
0.7293849587440491 0.7105023264884949 0.6808983087539673 0.6479026079177856
0.6256197690963745 0.6226245760917664 0.6157532930374146 0.5946666598320007
0.45997920632362366 0.44732028245925903 0.42696505784988403 0.40839630365371704
0.2965548634529114 0.28995630145072937 0.2897281050682068 0.28778111934661865
0.10629922151565552 0.10629922151565552 0.09954449534416199 0.0708441510796547
0.06213173270225525 0.0836285650730133 0.0836285650730133 0.18083634972572327
0.4911245107650757 0.4926452040672302 0.49490320682525635 0.49873828887939453
0.6862879395484924 0.6759313344955444 0.6560071706771851 0.6844266653060913
0.17313122749328613 0.1767992228269577 0.17812319099903107 0.18499696254730225
0.2901402711868286 0.29369136691093445 0.29369136691093445 0.3588465452194214
0.6129522323608398 0.6159865856170654 0.6156912446022034 0.6106827855110168
0.8981776237487793 0.9029794335365295 0.8982652425765991 0.900943398475647
0.9126058220863342 0.752808153629303 0.752808153629303 0.5198763012886047
0.45140424370765686 0.440569132566452 0.440569132566452 0.45329299569129944
0.11608199775218964 0.12588182091712952 0.12588182091712952 0.15090733766555786
0.3715832531452179 0.37469831109046936 0.37469831109046936 0.38182368874549866
0.4041286110877991 0.40064549446105957 0.40064549446105957 0.40019717812538147
0.13282926380634308 0.13461141288280487 0.13452856242656708 0.12425887584686279
0.2284540981054306 0.2238045334815979 0.22282974421977997 0.2215430736541748
0.37094536423683167 0.3941296339035034 0.4316738247871399 0.5079876780509949
0.657784640789032 0.654252827167511 0.6580598950386047 0.6666035652160645
0.4569130539894104 0.45641347765922546 0.4702708125114441 0.5068579316139221
0.46997424960136414 0.47112277150154114 0.47430163621902466 0.4880436062812805
0.8892285227775574 0.8601000905036926 0.8144115805625916 0.798754096031189
0.8644921779632568 0.8650569319725037 0.869678795337677 0.8596726655960083
0.5425532460212708 0.5465216040611267 0.5382624268531799 0.5373457074165344
0.5518314242362976 0.5544443130493164 0.5540776252746582 0.5514604449272156
0.555474579334259 0.5484135150909424 0.5541173219680786 0.5548361539840698
0.6118307113647461 0.6171936392784119 0.6152685880661011 0.6159076690673828
0.3616759181022644 0.3624707758426666 0.3624707758426666 0.36435234546661377
0.3570881485939026 0.3570881485939026 0.3580617904663086 0.35200968384742737
0.10862298309803009 0.10862298309803009 0.11155565083026886 0.11511150002479553
0.10926437377929688 0.10935485363006592 0.11016406118869781 0.10983827710151672
0.9261363744735718 0.9322512149810791 0.9331876635551453 0.9332442879676819
0.9112972021102905 0.9114255309104919 0.9059635400772095 0.899378776550293
0.8972104787826538 0.9001672267913818 0.8968937993049622 0.8953129053115845
0.613435685634613 0.6132112145423889 0.6183677911758423 0.6232360005378723
0.6069780588150024 0.5995281338691711 0.5936316847801208 0.5936274528503418
0.4193676710128784 0.4160394072532654 0.41778165102005005 0.421021044254303
0.39358875155448914 0.39171624183654785 0.39344900846481323 0.4011263847351074
0.4022901952266693 0.4029581844806671 0.40846195816993713 0.40889590978622437
0.6220402717590332 0.6581608653068542 0.7032486796379089 0.7767934203147888
0.4802554249763489 0.48827481269836426 0.5105025172233582 0.5360530018806458
0.4332549273967743 0.42428213357925415 0.42626264691352844 0.43518537282943726
0.923566997051239 0.8868852853775024 0.8371584415435791 0.8025229573249817
0.8318814635276794 0.8251523375511169 0.8312349915504456 0.8351176977157593
0.37154194712638855 0.37734416127204895 0.3697769343852997 0.3616994023323059
0.37483400106430054 0.38311490416526794 0.3967282474040985 0.40297192335128784
0.14210832118988037 0.10696594417095184 0.10696594417095184 0.10891009867191315
0.11761830747127533 0.12413733452558517 0.11932370066642761 0.11464715003967285
0.5373640060424805 0.6027671694755554 0.6194857358932495 0.6846703290939331
0.696063220500946 0.6901808977127075 0.6971309781074524 0.6903092861175537
0.4577859044075012 0.4398866891860962 0.4175744652748108 0.4020039737224579
0.38776877522468567 0.3846481740474701 0.3846481740474701 0.3912149965763092
0.12456648051738739 0.12902650237083435 0.18401111662387848 0.18655654788017273
0.14346405863761902 0.13834726810455322 0.14316047728061676 0.1387302130460739
0.3635670244693756 0.36238017678260803 0.3559947907924652 0.33985435962677
0.25719791650772095 0.2779616713523865 0.3069983124732971 0.31242120265960693
0.5047271847724915 0.6090726256370544 0.6090726256370544 0.8687620759010315
0.9205470085144043 0.9099536538124084 0.9059752821922302 0.8972234725952148
0.4517824649810791 0.45131251215934753 0.44599461555480957 0.4505149722099304
0.4657350778579712 0.4637839198112488 0.4637839198112488 0.46416497230529785
0.5057706832885742 0.5116322636604309 0.5276480317115784 0.556434154510498
0.06743204593658447 0.07740059494972229 0.12383447587490082 0.1698819100856781
0.21075645089149475 0.20789192616939545 0.20721322298049927 0.20376047492027283
0.42186373472213745 0.42186373472213745 0.39965543150901794 0.35079631209373474
0.14454250037670135 0.12468736618757248 0.12468736618757248 0.0954204648733139
0.19339518249034882 0.20351330935955048 0.20351330935955048 0.22090132534503937
0.1105995923280716 0.1105995923280716 0.11375230550765991 0.11535923182964325
0.11250527203083038 0.11629542708396912 0.1227867603302002 0.11914858222007751
0.0943804606795311 0.08371587097644806 0.08307099342346191 0.08473636209964752
0.07062071561813354 0.07062071561813354 0.07256929576396942 0.06945604085922241
0.06940093636512756 0.06940093636512756 0.07006886601448059 0.06650897860527039
0.26955389976501465 0.26955389976501465 0.24470114707946777 0.21135899424552917
0.06652133911848068 0.06652133911848068 0.07357776165008545 0.06720191240310669
0.23065562546253204 0.23065562546253204 0.22438174486160278 0.22292345762252808
0.22754941880702972 0.22021478414535522 0.22021478414535522 0.2321828156709671
0.3890790641307831 0.3890790641307831 0.39177820086479187 0.37072575092315674
0.3944615423679352 0.3956860601902008 0.3956860601902008 0.39875340461730957
0.24395900964736938 0.24395900964736938 0.2440439611673355 0.24424263834953308
0.2125365138053894 0.20417164266109467 0.16774314641952515 0.12071596086025238
0.07644405961036682 0.08395683765411377 0.09328284859657288 0.0998045951128006
0.9087252616882324 0.9087252616882324 0.9058204889297485 0.9072518348693848
0.8920831084251404 0.8900183439254761 0.8892285823822021 0.8891131281852722
0.881271481513977 0.8372568488121033 0.8337947726249695 0.8856107592582703
0.8087390661239624 0.8059706687927246 0.5736775994300842 0.5727224946022034
0.6598241329193115 0.9171246290206909 0.9171246290206909 0.9341059327125549
0.7899690270423889 0.7899690270423889 0.788241982460022 0.7861992716789246
0.7793225049972534 0.7793225049972534 0.28459611535072327 0.7782899141311646
0.220172718167305 0.220172718167305 0.29350727796554565 0.33790716528892517
0.8889583349227905 0.39223945140838623 0.37788552045822144 0.36497506499290466
0.3141159117221832 0.3141159117221832 0.31769242882728577 0.3220304250717163
0.29929018020629883 0.29929018020629883 0.2954667806625366 0.2948841452598572
0.8836261630058289 0.8836261630058289 0.4339328706264496 0.8792282938957214
0.44239693880081177 0.43813204765319824 0.43813204765319824 0.44051241874694824
0.8759227395057678 0.8759227395057678 0.8962710499763489 0.8940039277076721
0.8779405355453491 0.8779405355453491 0.482239305973053 0.45612066984176636
0.4375225901603699 0.43686819076538086 0.435263454914093 0.44026443362236023
0.24166245758533478 0.22333762049674988 0.2085857391357422 0.1929619461297989
0.09375014901161194 0.09375014901161194 0.09035533666610718 0.06932426989078522
0.07772389054298401 0.07766899466514587 0.07390929758548737 0.06977973878383636
0.06146854907274246 0.06117059290409088 0.06117059290409088 0.06474381685256958
0.30496206879615784 0.30496206879615784 0.9180229306221008 0.5280275940895081
0.38045066595077515 0.3882613182067871 0.09449353814125061 0.09556712210178375
